# Created by Octave 8.3.0, Fri Nov 10 13:52:11 2023 GMT <unknown@DESKTOP-6PU5VMN>
# name: b
# type: matrix
# rows: 1
# columns: 3
 1 -1.99777974992394 1


# name: a
# type: matrix
# rows: 1
# columns: 3
 1 -0.0047054156659257157 5.5475442461499837e-06


